%YAML:1.0
---
ImagePoints: [ 3.5926478925672484e+02, 7.3253909547962576e+02,
    6.3954864983041580e+02, 7.3229103043706766e+02,
    3.5926952967796734e+02, 8.4782914099730533e+02,
    3.1283246957047703e+02, 8.8166196812452574e+02,
    6.3943139669724553e+02, 8.1514512216675973e+02,
    8.4257897939751183e+02, 8.1486302513182000e+02,
    3.5926952967796734e+02, 6.1699591906390845e+02,
    3.5927490482501395e+02, 5.6366563136170760e+02,
    6.3972515386739747e+02, 6.4930658055807430e+02,
    8.4308445801907487e+02, 6.4861579957134973e+02,
    3.1062241809076187e+02, 6.8389713191689225e+02,
    1.9113111745061974e+02, 7.6013192863914514e+02,
    1.0679934085885247e+03, 8.1421297944032733e+02,
    1.8694282970681004e+02, 5.6352882153575172e+02,
    1.0687329129216459e+03, 6.4759072659699734e+02 ]
