%YAML:1.0
---
ImagePoints: [ 4.0926478925672484e+02, 7.3253909547962576e+02,
    7.1297195509417338e+02, 7.3224796358940137e+02,
    4.0927035266775977e+02, 8.5742852699867842e+02,
    3.5941699435062804e+02, 8.9262725633505397e+02,
    7.1283793861689992e+02, 8.2202134258106923e+02,
    9.3316129123689836e+02, 8.2170639483397554e+02,
    4.0927035266775977e+02, 6.0735258672642533e+02,
    4.0927644843819871e+02, 5.5120524910474558e+02,
    7.1318269529575866e+02, 6.4232159482528959e+02,
    9.3375452656410471e+02, 6.4149476211478623e+02,
    3.2948104800197586e+02, 6.5273855938668726e+02,
    2.2875105361991976e+02, 7.6215652477267054e+02,
    1.1765493215216411e+03, 8.2081402872856916e+02,
    2.2422621393190548e+02, 5.5104051797227794e+02,
    1.1774172120252799e+03, 6.4042119033617803e+02 ]
