%YAML:1.0
ImagePoints: [ 4.0926478925672484e+02, 7.3253909547962576e+02,
    7.1297195509417338e+02, 7.3224796358940137e+02,
    4.0927035266775977e+02, 8.5742852699867842e+02,
    4.0929011588152292e+02, 9.9885370980831465e+02,
    7.1283793861689992e+02, 8.2202134258106923e+02,
    9.3316129123689836e+02, 8.2170639483397554e+02,
    4.0927035266775977e+02, 6.0735258672642533e+02,
    4.0929011582250405e+02, 4.6487215119320416e+02,
    7.1318269529575866e+02, 6.4232159482528959e+02,
    9.3375452656410471e+02, 6.4149476211478623e+02,
    2.9649129167650057e+02, 7.3249883513952716e+02,
    1.7489504397584710e+02, 9.9884873062530210e+02,
    1.1765493215216411e+03, 8.2081402872856916e+02,
    1.7410243215576259e+02, 4.6452908741116420e+02,
    1.1774172120252799e+03, 6.4042119033617803e+02 ]
