%YAML:1.0
ImagePoints: [ 4.3583642623603453e+02, 5.3167747675461715e+02,
    6.7998222486311352e+02, 5.3229250270037869e+02,
    4.3609944976488907e+02, 6.3195978447372545e+02,
    3.8194287257382177e+02, 7.5474456443424310e+02,
    6.8009067286768777e+02, 6.0407615240107657e+02,
    8.5506560871215015e+02, 6.0423485655691820e+02,
    4.3543827109127562e+02, 4.3120503960506369e+02,
    4.3475539722405870e+02, 3.0244110197938778e+02,
    6.7983683993761053e+02, 4.6041093954531669e+02,
    8.5497080211191758e+02, 4.6067662045139923e+02,
    3.4465714947154754e+02, 5.3135371013914198e+02,
    1.9055550281302385e+02, 8.4309566172883922e+02,
    1.0482783060355519e+03, 6.0425161817096034e+02,
    4.3378090010821438e+02, 1.3314804549906165e+02,
    1.0483592787417729e+03, 4.6067847227551761e+02 ]
