%YAML:1.0
---
frame_0: [ 3.5926478925673860e+02, 7.3253909547962576e+02,
    6.1948388919531499e+02, 7.3232520266231802e+02,
    3.5926476340281050e+02, 7.3253909202267130e+02,
    3.5926470925592679e+02, 7.3253908478263759e+02,
    6.3449730708287802e+02, 7.3229986735216983e+02,
    8.1964255203323785e+02, 7.3187274147445476e+02,
    3.5926481171533192e+02, 7.3253909848258661e+02,
    3.5926484376032283e+02, 7.3253882437116431e+02,
    6.0602536828833490e+02, 7.3234671695116515e+02,
    7.7183247976157895e+02, 7.3200322998397178e+02,
    2.7329496681178688e+02, 7.3251569728191384e+02,
    3.5926463498245084e+02, 7.3253907485145726e+02,
    9.7332491119081726e+02, 7.3135885299406311e+02,
    3.5926487036299164e+02, 7.3253859681312258e+02,
    9.0945706608421290e+02, 7.3158997010782014e+02 ]
frame_1: [ 3.6905519967522963e+02, 6.8327304925927820e+02,
    6.1948388919531499e+02, 7.3232520266231802e+02,
    3.5481945850374774e+02, 6.7980752798724984e+02,
    3.3166541762815228e+02, 6.4458077461474454e+02,
    6.2218473839539422e+02, 7.3232074667118297e+02,
    8.1530488093796237e+02, 7.6976481202004129e+02,
    3.8153553440232065e+02, 6.8630989301430475e+02,
    4.0316737246886072e+02, 6.7080957957031069e+02,
    6.1705675392974081e+02, 7.3232916818169826e+02,
    7.8974102795732051e+02, 7.6586638285973527e+02,
    2.9377157112775745e+02, 6.6849968723569498e+02,
    3.0075510551359019e+02, 5.9753004700808458e+02,
    9.8624602402534845e+02, 8.0268380140215459e+02,
    4.2142409983250593e+02, 6.5772412397662833e+02,
    9.4157241870266421e+02, 7.9516451976109965e+02 ]
frame_2: [ 3.9548804852571004e+02, 6.3953047814851470e+02,
    6.1948388919531499e+02, 7.3232520266231802e+02,
    3.6979450151640714e+02, 6.3365349331763878e+02,
    3.4116692586538483e+02, 5.7293761670254503e+02,
    6.0981845926939604e+02, 7.3234076398166610e+02,
    7.9317748637484374e+02, 8.0815380638815589e+02,
    4.1829909357529419e+02, 6.4474303998573293e+02,
    4.6377995506639201e+02, 6.1538283892120262e+02,
    6.2822855446585004e+02, 7.3231062077812328e+02,
    7.9418653640835055e+02, 8.0044202942180448e+02,
    3.3682162599752934e+02, 6.1412830414249515e+02,
    3.0412420877420277e+02, 4.9429906272345460e+02,
    9.6502999716554052e+02, 8.7891427682745689e+02,
    5.0352762081182846e+02, 5.8970640703475010e+02,
    9.4778851272994223e+02, 8.6325487745184080e+02 ]
frame_3: [ 4.3363278329845400e+02, 6.0081933783073782e+02,
    6.1948388919531499e+02, 7.3232520266231802e+02,
    3.9840017861627706e+02, 5.9360707098430601e+02,
    3.7607873221615813e+02, 5.1745219235661511e+02,
    5.9796821718907904e+02, 7.3235904860035112e+02,
    7.5454934062347331e+02, 8.4404990684384848e+02,
    4.6538699802315000e+02, 6.0730848675607126e+02,
    5.3426306526103895e+02, 5.6595249253612690e+02,
    6.3916000794647789e+02, 7.3229171815548091e+02,
    7.8465564264307022e+02, 8.3361863991543964e+02,
    3.9452766749709650e+02, 5.6752860068272264e+02,
    3.4780792778023169e+02, 4.2084233755897054e+02,
    9.0705984366631890e+02, 9.5245030584262099e+02,
    5.9790735901974347e+02, 5.2769254311018881e+02,
    9.2421086620911194e+02, 9.3049434968174137e+02 ]
frame_4: [ 4.7846350928106472e+02, 5.6632217059807488e+02,
    6.1948388919531499e+02, 7.3232520266231802e+02,
    4.3472950553908095e+02, 5.5878730722182468e+02,
    4.2455762261958102e+02, 4.7605803669376900e+02,
    5.8716268427822718e+02, 7.3237495483505666e+02,
    7.0496682520655486e+02, 8.7412424257965063e+02,
    5.1855968062456066e+02, 5.7321055490618824e+02,
    6.0743572918786288e+02, 5.2201628932920426e+02,
    6.4946729356575236e+02, 7.3227321232990835e+02,
    7.6352004760225645e+02, 8.6281192029823001e+02,
    4.6026006910810497e+02, 5.2661223433514601e+02,
    4.1176729208320734e+02, 3.7164552102103806e+02,
    8.2098542640444839e+02, 1.0132123404471863e+03,
    6.9603412361480423e+02, 4.7089609383525840e+02,
    8.7429555769498597e+02, 9.8916552908543872e+02 ]
frame_5: [ 5.2502411714844391e+02, 5.3543962417173771e+02,
    6.1948388919531499e+02, 7.3232520266231802e+02,
    4.7315426996065202e+02, 5.2855191302706214e+02,
    4.7643296865251699e+02, 4.4717649984339704e+02,
    5.7785916290361979e+02, 7.3238806376388004e+02,
    6.5306387978096200e+02, 8.9570683326303765e+02,
    5.7350267779517753e+02, 5.4184515950203252e+02,
    6.7499748395725624e+02, 4.8398180598812962e+02,
    6.5877108253640677e+02, 7.3225594002558546e+02,
    7.3588421467457692e+02, 8.8559966471335883e+02,
    5.2832325702499168e+02, 4.8985080092076538e+02,
    4.8065129306135361e+02, 3.4347980305935909e+02,
    7.2580213784262230e+02, 1.0529513173441630e+03,
    7.8576137262287432e+02, 4.2071495619986189e+02,
    8.0978402231384507e+02, 1.0318778115272557e+03 ]
frame_6: [ 5.6819990029225096e+02, 5.0818785023266423e+02,
    6.1948388919531499e+02, 7.3232520266231802e+02,
    5.0822818138178877e+02, 5.0292012380960352e+02,
    5.2305200415601519e+02, 4.3059144493592913e+02,
    5.7042186081157433e+02, 7.3239815269318251e+02,
    6.0787447587999827e+02, 9.0759513759166828e+02,
    6.2548031299065019e+02, 5.1317150641938974e+02,
    7.2659057681525087e+02, 4.5402568259673944e+02,
    6.6670637046607590e+02, 7.3224078278803199e+02,
    7.0828415102181975e+02, 9.0040006627405592e+02,
    5.9309947757009320e+02, 4.5674884076104013e+02,
    5.4233016016755812e+02, 3.3664808505147477e+02,
    6.4265264039478257e+02, 1.0690868915796354e+03,
    8.4773172619512025e+02, 3.8304701444562079e+02,
    7.4675342909127426e+02, 1.0547409252604007e+03 ]
frame_7: [ 6.0244936633155567e+02, 4.8551601171342412e+02,
    6.1948388919531499e+02, 7.3232520266231802e+02,
    5.3455754463277640e+02, 4.8284513360013659e+02,
    5.5701957154188608e+02, 4.2729520719230396e+02,
    5.6510985140616299e+02, 7.3240514617236693e+02,
    5.7615460832400458e+02, 9.1018350849316528e+02,
    6.6890593872001853e+02, 4.8806473079939155e+02,
    7.5013234860262219e+02, 4.3641164780819298e+02,
    6.7293509965404678e+02, 7.3222861103891023e+02,
    6.8680288093347610e+02, 9.0681253550248130e+02,
    6.4815964214420046e+02, 4.2826034681653005e+02,
    5.8680476888649423e+02, 3.5364517487188670e+02,
    5.8595712126523063e+02, 1.0647885085918865e+03,
    8.5533553222087903e+02, 3.6943415349842064e+02,
    6.9912711600450359e+02, 1.0585138606310570e+03 ]
frame_8: [ 6.2188417859140816e+02, 4.6951496675737337e+02,
    6.1948388919531499e+02, 7.3232520266231802e+02,
    5.4704631895918249e+02, 4.7031012217380646e+02,
    5.7275889915420692e+02, 4.3854635526887370e+02,
    5.6207425337805159e+02, 7.3240906330356802e+02,
    5.6111311624243217e+02, 9.0494103284649611e+02,
    6.9718257635758903e+02, 4.6863204663385881e+02,
    7.3527535328935483e+02, 4.3646461294519059e+02,
    6.7716166904899296e+02, 7.3222021442081223e+02,
    6.7557413894159299e+02, 9.0546349970699919e+02,
    6.8580189870432309e+02, 4.0716456913444171e+02,
    6.0731216624682293e+02, 3.9584473652743293e+02,
    5.6048115388370650e+02, 1.0460041168065879e+03,
    7.8651928681300842e+02, 3.9317113708002324e+02,
    6.7451221272000180e+02, 1.0471182274637838e+03 ]
frame_9: [ 6.2114514175389422e+02, 4.6332876204353181e+02,
    6.1948388919531499e+02, 7.3232520266231802e+02,
    5.4184736106252319e+02, 4.6808222239820935e+02,
    5.6789450513921520e+02, 4.6440386137166917e+02,
    5.6136297902403578e+02, 7.3240997312890147e+02,
    5.6271650836151207e+02, 8.9366958811072425e+02,
    7.0335473298930606e+02, 4.5830508543395769e+02,
    6.8025041665347840e+02, 4.5754566243203624e+02,
    6.7915084670073793e+02, 7.3221622403808817e+02,
    6.7624687284911181e+02, 8.9752816165688500e+02,
    6.9775380495887021e+02, 3.9809070046435767e+02,
    6.0295932110519368e+02, 4.5943659505350075e+02,
    5.6388710449085465e+02, 1.0184009745587914e+03,
    6.4993215507652428e+02, 4.5653725085773817e+02,
    6.7420207876125482e+02, 1.0252052543673738e+03 ]
