%YAML:1.0
---
ImagePoints: [ 3.5926478925672478e+02, 7.3253909547962576e+02,
    6.1948388919531499e+02, 7.3232520266231802e+02,
    3.5926716236367810e+02, 8.1416895596383767e+02,
    3.0965702484112370e+02, 9.3105394309344774e+02,
    6.3369669356805286e+02, 7.8969360180444426e+02,
    8.3263886806158052e+02, 7.8936269768883403e+02,
    3.5926656814394505e+02, 6.6183350029972996e+02,
    3.5926519691336273e+02, 6.9888056181896343e+02,
    6.0669341125659435e+02, 6.8058218964868104e+02,
    7.8586241971923539e+02, 6.8010446690448873e+02,
    3.1447068763933873e+02, 7.4564769085168803e+02,
    1.9416253432962401e+02, 8.3066617520750924e+02,
    1.0535699016434396e+03, 7.8870175633369240e+02,
    2.0968076375328087e+02, 6.9880484850276764e+02,
    9.8512702558342369e+02, 6.7930928586537630e+02 ]
