%YAML:1.0
ImagePoints: [ 4.0926478925672484e+02, 7.3253909547962576e+02,
    7.1297195509417338e+02, 7.3224796358940137e+02,
    4.0927035266775977e+02, 8.5742852699867842e+02,
    4.0928462650412143e+02, 9.6826128906074848e+02,
    7.1283793861689992e+02, 8.2202134258106923e+02,
    9.3316129123689836e+02, 8.2170639483397554e+02,
    4.0927035266775977e+02, 6.0735258672642533e+02,
    4.0928462642949751e+02, 4.9575776703264688e+02,
    7.1318269529575866e+02, 6.4232159482528959e+02,
    9.3375452656410471e+02, 6.4149476211478623e+02,
    2.9649129167650057e+02, 7.3249883513952716e+02,
    1.6833574146905195e+02, 9.6823160240602147e+02,
    1.1765493215216411e+03, 8.2081402872856916e+02,
    1.6761463721923201e+02, 4.9541967773015449e+02,
    1.1774172120252799e+03, 6.4042119033617803e+02 ]
