%YAML:1.0
% K intrinsic camera matrix
% D distortion coefficients
---
K:
   rows: 3
   cols: 3
   dt: d
   data: [ 1.0466012327685255e+03, 0., 3.5926478925672473e+02, 0.,
       1.0462344328879626e+03, 7.3253909547962576e+02, 0., 0., 1. ]
D:
   rows: 1
   cols: 5
   dt: d
   data: [ 1.1677081421277468e-02, 3.3638361723246260e-02,
       -3.3144683917446915e-03, 3.7229283238409826e-04,
       -7.1736658723154226e-02 ]
board_width: 9
board_height: 6
square_size: 25
